20
0.05
0.333333 0.000000 0.000000 0.000000 
0.000000 0.333333 0.000000 0.000000 
0.000000 0.000000 0.333333 0.000000 
0.000000 0.000000 0.000000 1.000000 
0.05
0.333333 0.000000 0.000000 0.333333 
0.000000 0.333333 0.000000 0.000000 
0.000000 0.000000 0.333333 0.000000 
0.000000 0.000000 0.000000 1.000000 
0.05 
0.333333 0.000000 0.000000 0.666666 
0.000000 0.333333 0.000000 0.000000 
0.000000 0.000000 0.333333 0.000000 
0.000000 0.000000 0.000000 1.000000 
0.05
0.333333 0.000000 0.000000 0.000000 
0.000000 0.333333 0.000000 0.333333 
0.000000 0.000000 0.333333 0.000000 
0.000000 0.000000 0.000000 1.000000 
0.05 
0.333333 0.000000 0.000000 0.666666 
0.000000 0.333333 0.000000 0.333333 
0.000000 0.000000 0.333333 0.000000 
0.000000 0.000000 0.000000 1.000000 
0.05
0.333333 0.000000 0.000000 0.000000 
0.000000 0.333333 0.000000 0.666666 
0.000000 0.000000 0.333333 0.000000 
0.000000 0.000000 0.000000 1.000000 
0.05
0.333333 0.000000 0.000000 0.333333 
0.000000 0.333333 0.000000 0.666666 
0.000000 0.000000 0.333333 0.000000 
0.000000 0.000000 0.000000 1.000000 
0.05 
0.333333 0.000000 0.000000 0.666666 
0.000000 0.333333 0.000000 0.666666 
0.000000 0.000000 0.333333 0.000000 
0.000000 0.000000 0.000000 1.000000 
0.05
0.333333 0.000000 0.000000 0.000000 
0.000000 0.333333 0.000000 0.000000 
0.000000 0.000000 0.333333 0.333333 
0.000000 0.000000 0.000000 1.000000 
0.05 
0.333333 0.000000 0.000000 0.666666 
0.000000 0.333333 0.000000 0.000000 
0.000000 0.000000 0.333333 0.333333 
0.000000 0.000000 0.000000 1.000000  
0.05
0.333333 0.000000 0.000000 0.000000 
0.000000 0.333333 0.000000 0.666666 
0.000000 0.000000 0.333333 0.333333 
0.000000 0.000000 0.000000 1.000000 
0.05 
0.333333 0.000000 0.000000 0.666666 
0.000000 0.333333 0.000000 0.666666
0.000000 0.000000 0.333333 0.333333 
0.000000 0.000000 0.000000 1.000000 
0.05
0.333333 0.000000 0.000000 0.000000 
0.000000 0.333333 0.000000 0.000000 
0.000000 0.000000 0.333333 0.666666 
0.000000 0.000000 0.000000 1.000000 
0.05
0.333333 0.000000 0.000000 0.333333 
0.000000 0.333333 0.000000 0.000000 
0.000000 0.000000 0.333333 0.666666 
0.000000 0.000000 0.000000 1.000000 
0.05
0.333333 0.000000 0.000000 0.666666 
0.000000 0.333333 0.000000 0.000000 
0.000000 0.000000 0.333333 0.666666 
0.000000 0.000000 0.000000 1.000000 
0.05
0.333333 0.000000 0.000000 0.000000 
0.000000 0.333333 0.000000 0.333333 
0.000000 0.000000 0.333333 0.666666 
0.000000 0.000000 0.000000 1.000000 
0.05
0.333333 0.000000 0.000000 0.666666 
0.000000 0.333333 0.000000 0.333333 
0.000000 0.000000 0.333333 0.666666 
0.000000 0.000000 0.000000 1.000000 
0.05
0.333333 0.000000 0.000000 0.000000 
0.000000 0.333333 0.000000 0.666666 
0.000000 0.000000 0.333333 0.666666 
0.000000 0.000000 0.000000 1.000000 
0.05
0.333333 0.000000 0.000000 0.333333 
0.000000 0.333333 0.000000 0.666666 
0.000000 0.000000 0.333333 0.666666 
0.000000 0.000000 0.000000 1.000000 
0.05
0.333333 0.000000 0.000000 0.666666 
0.000000 0.333333 0.000000 0.666666 
0.000000 0.000000 0.333333 0.666666 
0.000000 0.000000 0.000000 1.000000 


